15
3
100 150 200
0 0 0 0 1236
10 20 90 15 60
20 10 90 559 764
20 20 90 172 223
20 20 90 250 329
10 20 90 489 650
10 10 90 361 406
10 30 90 450 503
20 40 90 647 726
30 0 90 30 95
10 40 90 571 616
40 30 90 392 421
40 10 90 478 525
20 20 90 105 142
20 30 90 172 261
10 20 90 274 349
0 15 19 16 18 20 17 20 38 31 39 36 40 33 35 39
15 0 4 2 5 6 7 8 26 22 28 27 30 26 29 31
19 4 0 3 2 2 6 5 22 19 24 23 26 23 26 27
16 2 3 0 3 4 5 6 24 20 26 24 28 24 27 29
18 5 2 3 0 2 4 3 21 17 23 22 25 21 24 26
20 6 2 4 2 0 5 3 20 17 22 21 23 21 24 25
17 7 6 5 4 5 0 3 21 16 23 21 24 19 22 24
20 8 5 6 3 3 3 0 19 14 21 19 22 18 21 23
38 26 22 24 21 20 21 19 0 10 3 7 5 12 14 11
31 22 19 20 17 17 16 14 10 0 10 5 10 4 7 9
39 28 24 26 23 22 23 21 3 10 0 5 2 11 12 9
36 27 23 24 22 21 21 19 7 5 5 0 5 5 7 5
40 30 26 28 25 23 24 22 5 10 2 5 0 10 11 7
33 26 23 24 21 21 19 18 12 4 11 5 10 0 3 6
35 29 26 27 24 24 22 21 14 7 12 7 11 3 0 5
39 31 27 29 26 25 24 23 11 9 9 5 7 6 5 0
