15
4
150 150 200 200
0 0 0 0 240
20 40 10 59 114
20 0 10 147 180
20 40 10 79 124
40 30 10 58 115
10 30 10 111 162
10 0 10 45 165
40 0 10 94 119
30 30 10 75 85
10 40 10 128 194
20 10 10 171 181
30 10 10 58 171
20 10 10 60 93
10 30 10 55 120
10 30 10 52 112
10 30 10 75 102
0 41 40 45 40 35 45 35 45 35 45 59 57 56 52 52
41 0 5 56 52 49 53 47 52 45 49 96 95 93 90 89
40 5 0 59 55 52 57 50 55 48 53 96 96 93 91 89
45 56 59 0 5 10 4 11 6 12 9 57 59 54 55 51
40 52 55 5 0 5 5 5 6 6 9 57 59 54 54 50
35 49 52 10 5 0 10 2 11 4 12 55 57 52 52 48
45 53 57 4 5 10 0 10 2 10 5 60 63 58 58 54
35 47 50 11 5 2 10 0 10 2 11 57 59 54 54 50
45 52 55 6 6 11 2 10 0 10 3 62 64 60 60 56
35 45 48 12 6 4 10 2 10 0 10 59 60 56 56 52
45 49 53 9 9 12 5 11 3 10 0 65 67 62 63 59
59 96 96 57 57 55 60 57 62 59 65 0 5 3 7 7
57 95 96 59 59 57 63 59 64 60 67 5 0 6 5 9
56 93 93 54 54 52 58 54 60 56 62 3 6 0 5 4
52 90 91 55 54 52 58 54 60 56 63 7 5 5 0 5
52 89 89 51 50 48 54 50 56 52 59 7 9 4 5 0
