18
4
400 400 420 380
0 0 0 0 960
10 20 10 51 291
30 30 10 427 667
20 40 10 597 837
40 40 10 43 283
10 30 10 497 737
30 40 10 218 458
10 30 10 36 276
30 40 10 269 509
20 40 10 316 556
10 0 10 33 273
20 30 10 514 754
10 0 10 157 397
10 10 10 37 277
10 0 10 429 669
10 40 10 45 285
10 20 10 664 904
10 20 10 380 620
30 30 10 447 687
0 51 47 44 43 41 37 36 40 31 34 38 35 38 37 38 45 38 35
51 0 10 63 63 60 60 60 65 57 63 67 64 86 87 85 47 45 16
47 10 0 53 54 51 51 51 56 48 54 58 56 80 81 84 52 49 13
44 63 53 0 2 4 7 9 7 13 13 12 12 47 49 76 84 77 50
43 63 54 2 0 3 6 7 5 12 11 10 10 45 47 75 83 77 50
41 60 51 4 3 0 4 5 6 10 10 10 10 45 47 73 80 74 48
37 60 51 7 6 4 0 2 5 6 7 9 7 42 44 69 78 71 46
36 60 51 9 7 5 2 0 5 5 5 7 5 40 42 68 77 70 47
40 65 56 7 5 6 5 5 0 10 7 5 6 40 42 70 82 75 51
31 57 48 13 12 10 6 5 10 0 6 10 8 39 40 64 72 65 42
34 63 54 13 11 10 7 5 7 6 0 5 2 35 37 64 76 69 48
38 67 58 12 10 10 9 7 5 10 5 0 3 35 37 66 81 74 53
35 64 56 12 10 10 7 5 6 8 2 3 0 35 37 65 78 71 50
38 86 80 47 45 45 42 40 40 39 35 35 35 0 3 41 80 73 70
37 87 81 49 47 47 44 42 42 40 37 37 37 3 0 38 79 72 70
38 85 84 76 75 73 69 68 70 64 64 66 65 41 38 0 57 52 71
45 47 52 84 83 80 78 77 82 72 76 81 78 80 79 57 0 7 42
38 45 49 77 77 74 71 70 75 65 69 74 71 73 72 52 7 0 38
35 16 13 50 50 48 46 47 51 42 48 53 50 70 70 71 42 38 0
