18
3
300 320 280
0 0 0 0 1236
20 20 90 255 324
10 20 90 534 605
10 10 90 357 410
10 30 90 448 505
20 40 90 0 1107
30 0 90 30 92
10 40 90 567 620
40 30 90 384 429
40 10 90 475 528
20 20 90 99 148
20 30 90 179 254
10 20 90 278 345
10 30 90 10 73
20 40 90 0 1135
20 10 90 812 883
10 40 90 732 777
10 0 90 65 144
40 0 90 169 224
0 18 20 17 20 38 31 39 36 40 33 35 39 10 10 12 13 15 15
18 0 2 4 3 21 17 23 22 25 21 24 26 20 18 19 16 22 21
20 2 0 5 3 20 17 22 21 23 21 24 25 22 20 21 18 24 22
17 4 5 0 3 21 16 23 21 24 19 22 24 17 15 16 13 19 17
20 3 3 3 0 19 14 21 19 22 18 21 23 20 18 18 16 21 20
38 21 20 21 19 0 10 3 7 5 12 14 11 35 33 33 30 35 33
31 17 17 16 14 10 0 10 5 10 4 7 9 26 24 24 21 25 23
39 23 22 23 21 3 10 0 5 2 11 12 9 36 34 34 31 35 33
36 22 21 21 19 7 5 5 0 5 5 7 5 32 30 29 26 30 28
40 25 23 24 22 5 10 2 5 0 10 11 7 36 34 34 31 35 33
33 21 21 19 18 12 4 11 5 10 0 3 6 28 26 25 22 26 24
35 24 24 22 21 14 7 12 7 11 3 0 5 29 27 26 24 27 25
39 26 25 24 23 11 9 9 5 7 6 5 0 34 32 31 28 32 30
10 20 22 17 20 35 26 36 32 36 28 29 34 0 2 3 5 5 5
10 18 20 15 18 33 24 34 30 34 26 27 32 2 0 2 4 5 5
12 19 21 16 18 33 24 34 29 34 25 26 31 3 2 0 3 4 3
13 16 18 13 16 30 21 31 26 31 22 24 28 5 4 3 0 6 4
15 22 24 19 21 35 25 35 30 35 26 27 32 5 5 4 6 0 2
15 21 22 17 20 33 23 33 28 33 24 25 30 5 5 3 4 2 0
