15
3
400 450 350
0 0 0 0 240
40 40 10 43 78
10 30 10 69 189
30 40 10 85 95
10 30 10 36 74
30 40 10 87 112
20 40 10 92 121
10 0 10 33 66
20 30 10 117 168
10 0 10 74 84
10 10 10 37 72
10 0 10 98 157
10 40 10 38 109
10 20 10 64 184
10 20 10 109 128
30 30 10 71 191
0 43 41 37 36 40 31 34 38 35 38 37 38 45 38 35
43 0 3 6 7 5 12 11 10 10 45 47 75 83 77 50
41 3 0 4 5 6 10 10 10 10 45 47 73 80 74 48
37 6 4 0 2 5 6 7 9 7 42 44 69 78 71 46
36 7 5 2 0 5 5 5 7 5 40 42 68 77 70 47
40 5 6 5 5 0 10 7 5 6 40 42 70 82 75 51
31 12 10 6 5 10 0 6 10 8 39 40 64 72 65 42
34 11 10 7 5 7 6 0 5 2 35 37 64 76 69 48
38 10 10 9 7 5 10 5 0 3 35 37 66 81 74 53
35 10 10 7 5 6 8 2 3 0 35 37 65 78 71 50
38 45 45 42 40 40 39 35 35 35 0 3 41 80 73 70
37 47 47 44 42 42 40 37 37 37 3 0 38 79 72 70
38 75 73 69 68 70 64 64 66 65 41 38 0 57 52 71
45 83 80 78 77 82 72 76 81 78 80 79 57 0 7 42
38 77 74 71 70 75 65 69 74 71 73 72 52 7 0 38
35 50 48 46 47 51 42 48 53 50 70 70 71 42 38 0
