18
3
300 320 280
0 0 0 0 1236
10 30 90 912 967
30 20 90 825 870
10 10 90 65 146
10 0 90 727 782
10 20 90 15 67
20 10 90 621 702
20 20 90 170 225
20 20 90 255 324
10 20 90 534 605
10 10 90 357 410
10 30 90 448 505
20 40 90 652 721
30 0 90 30 92
10 40 90 567 620
40 30 90 384 429
40 10 90 475 528
20 20 90 99 148
20 30 90 179 254
0 19 21 16 18 15 19 16 18 20 17 20 38 31 39 36 40 33 35
19 0 2 4 3 4 5 5 7 7 10 10 26 24 29 28 30 28 31
21 2 0 5 4 6 5 6 7 7 11 10 25 24 27 27 29 27 30
16 4 5 0 2 1 4 2 4 6 7 8 25 22 28 26 29 26 28
18 3 4 2 0 3 2 3 4 4 7 7 24 21 26 25 28 25 28
15 4 6 1 3 0 4 2 5 6 7 8 26 22 28 27 30 26 29
19 5 5 4 2 4 0 3 2 2 6 5 22 19 24 23 26 23 26
16 5 6 2 3 2 3 0 3 4 5 6 24 20 26 24 28 24 27
18 7 7 4 4 5 2 3 0 2 4 3 21 17 23 22 25 21 24
20 7 7 6 4 6 2 4 2 0 5 3 20 17 22 21 23 21 24
17 10 11 7 7 7 6 5 4 5 0 3 21 16 23 21 24 19 22
20 10 10 8 7 8 5 6 3 3 3 0 19 14 21 19 22 18 21
38 26 25 25 24 26 22 24 21 20 21 19 0 10 3 7 5 12 14
31 24 24 22 21 22 19 20 17 17 16 14 10 0 10 5 10 4 7
39 29 27 28 26 28 24 26 23 22 23 21 3 10 0 5 2 11 12
36 28 27 26 25 27 23 24 22 21 21 19 7 5 5 0 5 5 7
40 30 29 29 28 30 26 28 25 23 24 22 5 10 2 5 0 10 11
33 28 27 26 25 26 23 24 21 21 19 18 12 4 11 5 10 0 3
35 31 30 28 28 29 26 27 24 24 22 21 14 7 12 7 11 3 0
