15
3
250 200 220
0 0 0 0 240
20 10 10 50 170
10 40 10 116 175
10 20 10 51 85
30 30 10 62 182
20 40 10 138 169
40 40 10 43 78
10 30 10 69 189
30 40 10 85 95
10 30 10 36 74
30 40 10 87 112
20 40 10 92 121
10 0 10 33 66
20 30 10 117 168
10 0 10 74 84
10 10 10 37 72
0 50 51 51 47 44 43 41 37 36 40 31 34 38 35 38
50 0 5 10 3 54 55 52 52 53 57 50 56 60 57 83
51 5 0 5 5 59 59 56 56 57 61 54 59 64 61 85
51 10 5 0 10 63 63 60 60 60 65 57 63 67 64 86
47 3 5 10 0 53 54 51 51 51 56 48 54 58 56 80
44 54 59 63 53 0 2 4 7 9 7 13 13 12 12 47
43 55 59 63 54 2 0 3 6 7 5 12 11 10 10 45
41 52 56 60 51 4 3 0 4 5 6 10 10 10 10 45
37 52 56 60 51 7 6 4 0 2 5 6 7 9 7 42
36 53 57 60 51 9 7 5 2 0 5 5 5 7 5 40
40 57 61 65 56 7 5 6 5 5 0 10 7 5 6 40
31 50 54 57 48 13 12 10 6 5 10 0 6 10 8 39
34 56 59 63 54 13 11 10 7 5 7 6 0 5 2 35
38 60 64 67 58 12 10 10 9 7 5 10 5 0 3 35
35 57 61 64 56 12 10 10 7 5 6 8 2 3 0 35
38 83 85 86 80 47 45 45 42 40 40 39 35 35 35 0
